72
463
854
494
269
299
480
776
442
257
297
158
307
309
333
718
433
35
298
582
411
331
321
472
852
539
544
805
689
602
546
807
970
599
356
296
185
621
600
301
302
585
742
473
534
581
652
547
323
264
406
697
881
506
231
326
569
523
148
517
732
783
902
517
158
413
705
434
517
792
733
515
319
264
452
409
523
544
74
36
468
659
268
407
495
342
477
479
293
97
137
384
563
645
450
412
730
848
485
343
453
372
646
763
470
183
334
669
729
428
116
296
453
711
730
487
576
571
333
298
536
469
183
417
804
775
640
323
267
658
674
381
284
389
628
609
349
277
227
232
308
321
525
575
234
166
440
496
371
326
396
662
695
541
674
747
645
574
676
888
784
477
326
240
403
610
450
301
443
663
607
503
557
616
599
435
293
335
551
789
693
368
278
447
546
335
332
624
757
842
709
337
285
559
569
475
654
762
624
417
291
358
430
466
533
309
55
252
563
463
337
451
418
409
478
386
195
117
260
473
604
547
431
571
789
666
414
398
412
509
704
616
326
258
501
699
578
272
206
374
582
720
608
531
573
452
315
417
502
326
300
610
789
707
481
295
462
666
527
332
336
508
618
479
313
252
229
270
314
423
550
404
200
303
468
433
348
361
529
678
618
607
710
696
609
625
782
836
630
401
283
321
506
530
375
372
553
635
555
530
586
607
517
364
314
443
670
741
530
323
362
496
440
333
478
690
799
775
523
311
422
564
522
564
708
693
520
354
324
394
448
499
421
182
153
407
513
400
394
434
413
443
432
290
156
188
366
538
575
489
501
680
727
540
406
405
460
606
660
471
292
379
600
638
425
239
290
478
651
664
569
552
512
383
366
459
414
313
455
699
748
594
388
378
564
596
429
334
422
563
548
396
282
240
249
292
368
486
477
302
251
385
450
390
354
445
603
648
612
658
703
652
617
703
809
733
515
342
302
413
518
452
373
462
594
595
542
558
596
562
440
339
378
556
705
635
426
342
429
468
386
405
584
744
787
649
417
366
493
543
543
636
700
606
437
339
359
421
473
460
301
167
280
460
456
397
414
423
428
437
361
223
172
277
452
556
532
495
590
703
633
473
405
432
533
633
565
381
335
489
619
531
332
264
384
564
657
616
560
532
447
374
412
436
363
384
577
723
671
491
383
471
580
512
381
378
492
555
472
339
261
244
270
330
427
481
389
276
318
417
420
372
399
524
625
630
635
680
677
634
660
756
771
624
428
322
357
465
485
412
417
528
594
568
550
577
579
501
389
358
467
630
670
530
384
385
448
427
395
494
664
765
718
533
391
429
518
543
589
668
653
521
388
349
390
447
466
380
234
223
370
458
426
405
418
425
432
399
292
197
224
364
504
544
513
542
646
668
553
439
418
482
583
599
473
358
412
554
575
431
298
324
474
610
636
588
546
489
410
393
424
399
373
480
650
697
581
437
427
525
546
446
379
435
523
513
405
300
252
257
300
378
454
435
332
297
367
418
396
385
461
574
627
632
657
678
655
647
708
763
697
526
375
339
411
475
448
414
472
561
581
559
563
578
540
445
373
412
548
650
600
457
384
416
437
411
444
579
714
741
625
462
410
473
530
566
628
660
587
454
368
369
418
456
423
307
228
296
414
442
415
411
421
428
415
345
244
210
294
434
524
528
527
594
657
610
496
428
450
532
591
536
415
385
483
564
503
364
311
399
542
623
612
567
517
449
401
408
411
386
426
565
673
639
509
432
476
535
496
412
407
479
518
459
352
276
254
278
339
416
444
383
314
332
392
407
390
423
517
600
629
644
667
666
651
677
735
730
611
450
357
375
443
461
431
443
516
571
570
561
570
559
492
409
392
480
599
625
528
420
400
426
424
427
511
646
727
683
543
436
441
501
548
597
644
623
520
411
368
393
437
439
365
267
262
355
428
428
413
416
424
421
380
294
227
252
364
479
526
527
560
625
633
553
462
439
491
561
563
475
400
434
523
533
433
337
355
470
582
617
589
542
483
425
404
409
398
406
495
619
656
574
470
454
505
515
454
409
443
498
488
405
314
265
266
308
377
430
413
348
323
362
399
398
406
470
558
614
636
655
666
658
664
706
732
670
530
403
366
409
452
446
437
479
543
570
565
565
564
525
450
400
436
539
612
576
474
410
413
425
425
469
578
686
705
613
489
438
471
524
572
620
633
571
465
389
380
415
438
402
316
264
308
391
428
420
414
420
422
400
337
260
239
308
421
502
526
543
592
629
593
507
450
465
526
562
519
437
417
478
528
483
385
346
412
526
599
603
565
512
454
414
406
403
402
450
557
637
615
522
462
479
510
484
431
426
470
493
446
359
289
265
287
342
403
421
380
335
342
380
398
402
438
514
586
625
645
660
662
661
685
719
701
600
466
384
387
430
449
441
458
511
556
567
565
564
544
487
425
418
487
575
594
525
442
411
419
425
447
523
632
695
659
551
463
454
497
548
596
626
602
518
427
384
397
426
420
359
290
286
349
409
424
417
417
421
411
368
298
249
273
364
461
514
534
567
610
611
550
478
457
495
544
540
478
427
447
503
505
434
365
379
469
562
601
584
538
483
434
410
404
402
426
503
597
626
568
492
470
494
497
457
428
448
481
469
402
324
277
276
314
372
412
400
357
338
361
389
400
420
476
550
605
635
652
661
661
673
702
710
650
533
425
385
408
439
445
449
484
533
561
566
564
554
515
456
421
452
531
584
559
483
426
415
422
436
485
577
663
677
605
507
458
475
522
572
611
614
560
472
405
390
411
423
389
324
288
317
379
416
420
417
419
416
389
333
273
261
318
412
487
524
550
588
610
580
514
467
476
519
542
509
452
437
475
504
469
399
372
424
515
581
592
561
510
458
422
407
403
414
464
550
611
597
530
481
482
495
477
442
