426
470
493
446
359
289
265
287
342
403
421
380
335
342
380
398
402
438
514
586
625
645
660
662
661
685
719
701
600
466
384
387
430
449
441
458
511
556
567
565
564
544
487
425
418
487
575
594
525
442
411
419
425
447
523
632
695
659
551
463
454
497
548
596
626
602
518
427
384
397
426
420
359
290
286
349
409
424
417
417
421
411
368
298
249
273
364
461
514
534
567
610
611
550
478
457
495
544
540
478
427
447
503
505
434
365
379
469
562
601
584
538
483
434
410
404
402
426
503
597
626
568
492
470
494
497
457
428
448
481
469
402
324
277
276
314
372
412
400
357
338
361
389
400
420
476
550
605
635
652
661
661
673
702
710
650
533
425
385
408
439
445
449
484
533
561
566
564
554
515
456
421
452
531
584
559
483
426
415
422
436
485
577
663
677
605
507
458
475
522
572
611
614
560
472
405
390
411
423
389
324
288
317
379
416
420
417
419
416
389
333
273
261
318
412
487
524
550
588
610
580
514
467
476
519
542
509
452
437
475
504
469
399
372
424
515
581
592
561
510
458
422
407
403
414
464
550
611
597
530
481
482
495
477
442
