441
398
349
589
676
482
235
629
503
247
425
667
520
506
869
689
377
454
480
393
247
529
636
474
485
149
16
259
276
296
343
371
527
414
584
585
273
482
430
529
807
455
492
646
416
308
457
641
794
752
460
569
883
892
687
495
395
342
216
15
136
368
619
642
712
468
294
554
516
735
782
765
552
192
321
480
649
881
605
149
222
302
197
474
662
540
349
426
603
496
556
432
630
827
545
289
151
487
487
259
627
547
462
370
328
369
307
636
783
787
653
533
274
93
140
58
451
928
608
238
390
758
678
596
868
689
465
465
419
373
469
632
579
358
432
566
375
336
546
593
513
687
779
533
415
467
436
320
388
582
555
479
317
82
137
267
286
319
357
449
470
499
584
429
377
456
479
668
631
473
569
531
362
382
549
717
773
606
514
726
887
789
591
445
368
279
115
75
252
493
630
677
590
381
424
535
625
758
773
658
372
256
400
564
765
743
377
185
262
249
335
568
601
444
387
514
549
526
494
531
728
686
417
220
319
487
373
443
587
504
416
349
348
338
471
709
785
720
593
403
183
116
99
254
689
768
423
314
574
718
637
732
778
577
465
